World: world
X: -67.5
Y: 89.0
Z: 458.5
Yaw: 0.0018310547
Pitch: -1.500015
