world: b80c973e-f5c8-481d-9052-d336dc8f338e
world-name: world
x: -67.5
y: 89.0
z: 458.5
yaw: 0.0018310546875
pitch: -1.5000150203704834
name: lobby
lastowner: 39839e61-2df5-30c2-b95a-19211cd33b7b
