world: b80c973e-f5c8-481d-9052-d336dc8f338e
world-name: world
x: -111.50665298725733
y: 89.0
z: 513.5375978874258
yaw: -90.50948333740234
pitch: -0.22033357620239258
name: parkour
lastowner: 39839e61-2df5-30c2-b95a-19211cd33b7b
